Call the function, KL_ALGO(), to start

Started reading the file to create the weight vector 
Started the process of Calculating the pairwise gains for a new partition set
Optimal cut size is 10036, max cummulative gain is 8961 and subqueue length is 261 for the 1 pass iteration
Started the process of Calculating the pairwise gains for a new partition set
Optimal cut size is 1076, max cummulative gain is 1042 and subqueue length is 14 for the 2 pass iteration
Started the process of Calculating the pairwise gains for a new partition set
Optimal cut size is 90, max cummulative gain is 56 and subqueue length is 1 for the 3 pass iteration
Started the process of Calculating the pairwise gains for a new partition set
Optimal cut size is 34 max cummulative gain is 0 and subqueue length is 0 for the 4 pass iteration
Optimal cut size is 34
Displaying Final partitionA
4 5 7 8 10 12 15 16 18 19 20 26 28 29 30 32 33 35 36 40 41 45 46 47 49 50 54 55 56 57 58 59 63 68 72 74 75 76 80 81 82 83 89 91 96 97 99 101 102 103 108 109 111 113 114 115 116 118 119 121 123 124 125 126 128 131 132 136 137 139 140 141 144 145 146 149 152 153 157 160 161 164 165 167 170 172 174 175 176 177 179 180 181 184 185 187 188 190 191 192 193 194 198 200 201 202 205 206 208 214 216 220 221 225 226 228 229 232 234 235 236 237 241 245 247 253 255 257 259 260 263 267 268 269 270 275 280 283 286 291 300 301 302 304 305 308 310 311 313 314 317 318 323 328 331 332 333 334 335 337 338 339 342 343 344 345 346 349 350 353 354 358 359 364 365 370 371 374 375 376 377 378 379 380 383 386 387 388 391 392 394 395 396 397 401 408 409 410 411 413 415 416 417 420 424 425 428 429 432 433 435 436 439 440 441 443 445 449 450 454 457 461 464 465 470 471 472 473 474 475 476 479 480 484 489 490 492 493 494 496 497 498 499 502 504 506 507 508 510 511 512 513 515 516 517 519 521 522 523 524 527 530 532 533 534 536 538 539 542 543 544 545 554 555 556 557 558 562 563 565 567 568 570 572 574 576 578 580 581 585 587 589 594 595 596 598 599 600 603 604 605 606 607 611 612 613 614 615 616 619 622 623 624 627 628 629 634 635 636 641 644 648 650 651 652 653 654 655 656 657 659 661 663 665 667 668 670 675 676 677 678 682 684 685 686 689 690 696 697 698 699 703 704 705 706 708 709 713 715 716 717 721 722 723 724 725 727 729 731 732 733 734 736 737 739 740 741 746 751 752 753 756 758 761 764 765 766 768 770 772 773 775 777 780 782 784 786 790 791 792 793 795 800 804 806 807 808 810 815 818 820 821 824 825 826 827 830 832 833 836 837 839 843 844 849 850 851 853 854 855 858 859 867 868 872 874 875 877 878 879 880 885 886 887 889 890 891 898 901 902 907 908 909 910 912 915 916 917 919 920 921 923 925 928 930 931 932 933 935 937 938 939 941 943 944 947 948 949 950 953 954 956 957 958 962 963 968 972 973 975 979 982 984 985 987 988 992 993 998 1000 

Displaying Final partitionB
1 2 3 6 9 11 13 14 17 21 22 23 24 25 27 31 34 37 38 39 42 43 44 48 51 52 53 60 61 62 64 65 66 67 69 70 71 73 77 78 79 84 85 86 87 88 90 92 93 94 95 98 100 104 105 106 107 110 112 117 120 122 127 129 130 133 134 135 138 142 143 147 148 150 151 154 155 156 158 159 162 163 166 168 169 171 173 178 182 183 186 189 195 196 197 199 203 204 207 209 210 211 212 213 215 217 218 219 222 223 224 227 230 231 233 238 239 240 242 243 244 246 248 249 250 251 252 254 256 258 261 262 264 265 266 271 272 273 274 276 277 278 279 281 282 284 285 287 288 289 290 292 293 294 295 296 297 298 299 303 306 307 309 312 315 316 319 320 321 322 324 325 326 327 329 330 336 340 341 347 348 351 352 355 356 357 360 361 362 363 366 367 368 369 372 373 381 382 384 385 389 390 393 398 399 400 402 403 404 405 406 407 412 414 418 419 421 422 423 426 427 430 431 434 437 438 442 444 446 447 448 451 452 453 455 456 458 459 460 462 463 466 467 468 469 477 478 481 482 483 485 486 487 488 491 495 500 501 503 505 509 514 518 520 525 526 528 529 531 535 537 540 541 546 547 548 549 550 551 552 553 559 560 561 564 566 569 571 573 575 577 579 582 583 584 586 588 590 591 592 593 597 601 602 608 609 610 617 618 620 621 625 626 630 631 632 633 637 638 639 640 642 643 645 646 647 649 658 660 662 664 666 669 671 672 673 674 679 680 681 683 687 688 691 692 693 694 695 700 701 702 707 710 711 712 714 718 719 720 726 728 730 735 738 742 743 744 745 747 748 749 750 754 755 757 759 760 762 763 767 769 771 774 776 778 779 781 783 785 787 788 789 794 796 797 798 799 801 802 803 805 809 811 812 813 814 816 817 819 822 823 828 829 831 834 835 838 840 841 842 845 846 847 848 852 856 857 860 861 862 863 864 865 866 869 870 871 873 876 881 882 883 884 888 892 893 894 895 896 897 899 900 903 904 905 906 911 913 914 918 922 924 926 927 929 934 936 940 942 945 946 951 952 955 959 960 961 964 965 966 967 969 970 971 974 976 977 978 980 981 983 986 989 990 991 994 995 996 997 999 
The time taken to execute is 0
