Call the function, KL_ALGO(), to start

Started reading the file to create the weight vector 
Started the process of Calculating the pairwise gains for a new partition set
Optimal cut size is 49867, max cummulative gain is 43161 and subqueue length is 2638 for the 1 pass iteration
Started the process of Calculating the pairwise gains for a new partition set
Optimal cut size is 6714, max cummulative gain is 6551 and subqueue length is 167 for the 2 pass iteration
Started the process of Calculating the pairwise gains for a new partition set
Optimal cut size is 179, max cummulative gain is 16 and subqueue length is 1 for the 3 pass iteration
Started the process of Calculating the pairwise gains for a new partition set
Optimal cut size is 163 max cummulative gain is 0 and subqueue length is 0 for the 4 pass iteration
Optimal cut size is 163
Displaying Final partitionA
1 3 7 9 11 12 14 15 16 18 21 22 23 24 26 27 30 31 33 35 36 37 38 39 40 41 43 44 46 49 51 53 54 58 62 64 65 66 68 69 72 73 77 79 80 81 84 86 87 88 89 92 93 94 96 97 98 99 100 103 104 109 110 111 112 116 118 119 120 122 125 126 133 135 136 137 139 140 141 142 144 146 147 149 151 153 155 158 162 164 165 168 169 172 173 174 175 177 178 180 182 185 187 188 189 190 194 197 198 203 205 210 211 212 214 215 217 219 221 225 227 229 232 233 236 239 240 242 245 251 252 253 256 257 259 263 264 265 269 270 272 273 275 276 277 279 282 283 287 288 294 295 299 300 303 304 305 310 311 312 316 320 321 323 326 328 330 331 333 334 335 336 338 342 344 345 346 347 348 351 353 354 356 357 358 359 363 366 369 370 373 374 375 378 383 385 388 389 390 391 392 393 397 402 404 405 408 412 416 418 419 420 421 422 423 428 429 431 433 440 441 443 445 447 452 453 454 455 458 464 465 469 470 471 474 475 477 478 480 481 482 487 490 493 494 495 496 497 498 501 502 503 504 506 509 510 513 516 518 519 521 524 527 529 534 535 536 537 539 540 541 544 549 550 552 553 554 559 561 562 564 566 571 573 579 580 581 582 587 592 593 596 597 601 602 608 609 613 614 617 618 623 627 628 632 635 637 638 640 642 643 645 646 649 650 651 654 657 658 660 661 664 667 668 669 670 674 676 677 678 679 680 682 687 689 690 692 693 695 698 700 701 706 708 709 711 712 713 720 722 723 724 730 734 736 737 738 739 740 745 746 748 750 752 753 754 755 756 759 760 763 764 765 767 768 769 775 781 782 783 784 786 787 788 790 792 793 797 798 799 800 804 809 810 813 814 819 820 822 823 824 826 827 829 830 831 832 833 834 835 840 841 842 844 845 847 848 849 854 855 856 858 860 864 865 869 872 874 878 879 880 881 883 885 886 887 888 890 892 893 897 898 899 901 903 904 905 906 907 911 912 915 916 919 921 922 923 924 927 931 932 933 934 935 936 937 939 942 943 944 945 946 947 954 956 957 959 962 963 964 966 967 968 969 970 971 975 977 983 984 985 986 987 989 990 991 994 997 999 1000 1004 1005 1006 1007 1010 1012 1015 1016 1018 1019 1021 1023 1025 1027 1028 1029 1030 1031 1032 1035 1039 1042 1043 1046 1048 1049 1051 1054 1056 1062 1063 1064 1067 1069 1071 1072 1074 1075 1076 1078 1081 1082 1085 1086 1087 1089 1091 1092 1094 1096 1097 1100 1102 1103 1104 1105 1109 1110 1112 1114 1116 1118 1119 1120 1122 1124 1125 1126 1132 1133 1136 1137 1138 1139 1140 1144 1145 1146 1150 1151 1153 1155 1156 1157 1158 1160 1161 1162 1163 1164 1168 1169 1172 1176 1177 1179 1180 1182 1184 1185 1186 1188 1190 1192 1193 1195 1200 1201 1203 1204 1206 1209 1211 1214 1217 1218 1219 1221 1222 1224 1225 1227 1231 1239 1240 1246 1252 1255 1257 1258 1261 1263 1265 1268 1269 1271 1272 1273 1274 1275 1276 1277 1279 1280 1284 1286 1287 1289 1292 1297 1300 1302 1304 1305 1306 1310 1311 1312 1313 1314 1315 1319 1322 1326 1328 1329 1332 1334 1336 1339 1341 1342 1343 1344 1346 1348 1350 1351 1353 1355 1361 1362 1363 1366 1367 1372 1376 1377 1382 1383 1385 1386 1387 1389 1392 1395 1396 1397 1398 1399 1401 1403 1404 1407 1409 1410 1412 1413 1414 1415 1416 1417 1421 1422 1424 1427 1432 1433 1434 1435 1436 1445 1446 1448 1451 1453 1458 1459 1460 1462 1465 1467 1480 1483 1485 1486 1487 1489 1490 1492 1493 1494 1495 1497 1500 1503 1504 1506 1507 1510 1511 1513 1514 1515 1520 1521 1523 1525 1526 1527 1528 1532 1533 1534 1537 1541 1543 1546 1549 1550 1552 1554 1557 1560 1562 1563 1567 1569 1570 1572 1574 1575 1576 1577 1578 1581 1582 1583 1584 1588 1593 1594 1595 1596 1599 1600 1603 1604 1605 1607 1608 1610 1612 1615 1617 1618 1621 1622 1626 1628 1629 1632 1634 1636 1638 1640 1641 1642 1643 1644 1645 1646 1649 1651 1655 1656 1659 1660 1661 1662 1663 1664 1665 1666 1668 1669 1670 1671 1672 1673 1675 1676 1680 1682 1683 1684 1685 1686 1689 1690 1691 1695 1697 1698 1699 1701 1706 1707 1708 1711 1712 1713 1714 1715 1716 1718 1723 1726 1727 1728 1729 1731 1732 1734 1735 1737 1738 1739 1740 1741 1742 1744 1747 1749 1750 1751 1752 1753 1754 1759 1761 1762 1764 1766 1767 1768 1769 1770 1771 1772 1774 1775 1776 1777 1778 1785 1787 1789 1791 1793 1794 1795 1796 1798 1799 1800 1802 1803 1804 1805 1806 1808 1811 1814 1815 1817 1819 1821 1824 1827 1828 1829 1830 1834 1838 1839 1840 1842 1844 1846 1847 1848 1850 1851 1853 1854 1855 1856 1859 1861 1862 1863 1864 1868 1871 1874 1876 1879 1880 1886 1889 1892 1893 1896 1898 1899 1900 1902 1903 1906 1910 1911 1913 1917 1922 1923 1925 1929 1930 1931 1934 1936 1937 1940 1941 1944 1946 1947 1948 1957 1959 1961 1964 1965 1968 1970 1972 1974 1976 1978 1980 1982 1983 1985 1988 1989 1990 1991 1992 1996 1998 2001 2005 2007 2008 2011 2012 2013 2014 2015 2018 2022 2024 2026 2027 2029 2034 2037 2038 2044 2048 2051 2052 2053 2054 2055 2056 2059 2060 2062 2063 2067 2071 2077 2079 2081 2083 2084 2087 2090 2092 2093 2098 2103 2104 2105 2106 2110 2113 2115 2117 2119 2121 2122 2125 2126 2128 2130 2131 2132 2133 2134 2135 2139 2140 2141 2142 2143 2144 2149 2150 2155 2157 2158 2159 2161 2162 2164 2170 2171 2172 2173 2176 2177 2179 2181 2183 2184 2186 2188 2190 2191 2193 2195 2198 2199 2202 2203 2204 2205 2207 2208 2209 2210 2212 2213 2214 2215 2216 2217 2219 2222 2226 2228 2229 2231 2235 2239 2240 2241 2243 2245 2246 2248 2249 2250 2251 2252 2256 2257 2258 2259 2260 2261 2264 2269 2270 2271 2272 2275 2276 2277 2278 2279 2280 2283 2284 2286 2287 2289 2290 2291 2293 2299 2301 2303 2305 2306 2307 2308 2313 2314 2316 2317 2318 2319 2320 2321 2323 2324 2325 2326 2328 2330 2331 2332 2334 2335 2339 2340 2341 2344 2347 2350 2351 2354 2355 2356 2360 2361 2362 2363 2364 2365 2367 2368 2370 2371 2372 2374 2375 2380 2387 2391 2392 2393 2397 2400 2401 2403 2404 2406 2407 2409 2411 2416 2418 2421 2425 2427 2428 2434 2436 2437 2438 2440 2441 2443 2447 2448 2449 2450 2451 2452 2453 2454 2456 2457 2461 2463 2465 2466 2468 2469 2473 2477 2478 2479 2482 2485 2487 2489 2492 2496 2497 2500 2501 2505 2507 2510 2511 2512 2515 2520 2521 2524 2525 2526 2528 2531 2534 2536 2541 2543 2545 2551 2557 2562 2564 2566 2567 2569 2570 2571 2572 2575 2576 2583 2585 2586 2588 2590 2591 2593 2595 2599 2600 2605 2609 2611 2612 2614 2616 2620 2624 2625 2628 2629 2630 2632 2633 2634 2635 2636 2637 2639 2641 2642 2644 2646 2647 2649 2650 2651 2654 2657 2658 2660 2664 2665 2666 2668 2669 2671 2672 2673 2674 2677 2678 2679 2682 2683 2684 2685 2687 2690 2691 2692 2693 2694 2695 2696 2697 2699 2701 2702 2704 2707 2711 2713 2715 2717 2723 2725 2728 2730 2732 2734 2735 2736 2737 2740 2744 2745 2746 2747 2748 2755 2756 2757 2759 2760 2761 2763 2766 2769 2771 2772 2775 2777 2778 2779 2782 2784 2785 2789 2790 2791 2792 2793 2796 2798 2800 2803 2806 2807 2809 2812 2814 2817 2820 2821 2823 2824 2826 2828 2830 2831 2832 2835 2839 2842 2848 2849 2854 2859 2860 2862 2863 2864 2870 2871 2875 2877 2879 2880 2881 2882 2883 2884 2885 2888 2890 2891 2893 2894 2897 2898 2899 2900 2903 2904 2906 2907 2908 2911 2912 2914 2918 2922 2923 2924 2926 2927 2928 2931 2932 2938 2939 2940 2941 2945 2947 2951 2954 2958 2959 2962 2964 2966 2967 2969 2970 2971 2974 2975 2982 2985 2986 2991 2994 2996 2998 2999 3000 3003 3004 3005 3008 3013 3014 3020 3021 3022 3024 3026 3027 3030 3031 3033 3035 3036 3037 3038 3039 3041 3043 3046 3049 3050 3052 3053 3055 3057 3061 3064 3065 3066 3069 3073 3080 3081 3083 3084 3087 3089 3090 3091 3094 3097 3099 3100 3102 3103 3104 3106 3107 3108 3109 3110 3111 3112 3115 3116 3117 3120 3121 3122 3126 3127 3128 3131 3132 3133 3135 3137 3139 3141 3143 3146 3147 3149 3155 3156 3161 3163 3164 3165 3166 3167 3168 3169 3170 3172 3178 3180 3183 3184 3185 3186 3187 3190 3191 3192 3195 3197 3198 3199 3200 3201 3204 3212 3213 3216 3217 3218 3220 3224 3225 3226 3227 3228 3229 3230 3232 3233 3234 3236 3237 3240 3242 3243 3245 3246 3247 3248 3252 3253 3256 3257 3259 3262 3264 3265 3269 3270 3271 3274 3275 3276 3278 3279 3280 3283 3285 3286 3289 3290 3293 3296 3297 3301 3302 3303 3304 3306 3307 3308 3310 3312 3314 3315 3316 3317 3318 3319 3321 3322 3324 3325 3327 3328 3329 3330 3332 3335 3336 3337 3338 3343 3344 3347 3348 3351 3352 3355 3358 3359 3361 3363 3371 3372 3373 3375 3380 3381 3382 3383 3384 3385 3386 3387 3388 3389 3390 3393 3397 3398 3399 3400 3403 3409 3412 3413 3415 3416 3417 3419 3423 3425 3429 3430 3431 3432 3433 3434 3436 3437 3439 3441 3442 3443 3444 3447 3451 3452 3453 3454 3456 3458 3459 3460 3461 3463 3467 3468 3472 3476 3484 3485 3486 3488 3491 3492 3493 3494 3495 3496 3501 3502 3503 3504 3505 3509 3515 3516 3518 3519 3522 3523 3524 3526 3528 3529 3530 3532 3535 3536 3537 3538 3540 3542 3543 3544 3548 3550 3551 3552 3556 3559 3560 3561 3562 3569 3571 3572 3580 3581 3582 3585 3587 3590 3596 3597 3600 3602 3603 3604 3605 3606 3610 3611 3612 3614 3617 3618 3623 3624 3625 3628 3630 3631 3632 3636 3638 3639 3641 3642 3643 3644 3646 3648 3649 3653 3655 3659 3661 3663 3664 3665 3666 3667 3668 3669 3671 3674 3675 3676 3678 3679 3683 3684 3685 3687 3691 3692 3694 3695 3696 3700 3703 3704 3705 3706 3710 3711 3712 3713 3715 3716 3717 3723 3724 3730 3732 3734 3735 3737 3738 3739 3740 3741 3742 3744 3745 3746 3748 3750 3751 3752 3753 3754 3755 3756 3757 3758 3760 3765 3766 3769 3772 3775 3777 3781 3782 3784 3786 3787 3788 3791 3794 3795 3796 3797 3798 3799 3801 3803 3804 3808 3814 3816 3817 3819 3821 3822 3824 3826 3828 3835 3836 3837 3838 3845 3846 3851 3852 3854 3857 3858 3860 3861 3862 3864 3865 3866 3868 3869 3872 3875 3876 3882 3883 3884 3887 3890 3896 3897 3898 3901 3902 3904 3905 3906 3909 3911 3913 3918 3919 3920 3921 3922 3924 3925 3926 3928 3931 3933 3935 3937 3940 3942 3943 3944 3949 3950 3951 3953 3955 3956 3962 3963 3965 3966 3967 3968 3969 3971 3972 3973 3977 3978 3979 3983 3986 3988 3989 3991 3992 3993 3998 3999 4003 4005 4006 4007 4008 4010 4011 4013 4014 4017 4020 4021 4022 4023 4025 4026 4027 4029 4033 4036 4040 4042 4043 4045 4047 4049 4051 4053 4055 4058 4060 4061 4066 4067 4070 4071 4073 4074 4076 4077 4079 4080 4081 4082 4083 4084 4085 4093 4094 4097 4098 4099 4102 4103 4104 4105 4107 4110 4112 4113 4114 4116 4117 4123 4126 4128 4129 4130 4133 4134 4138 4139 4140 4141 4142 4143 4144 4145 4146 4147 4149 4150 4155 4157 4158 4159 4160 4164 4170 4175 4181 4184 4185 4189 4194 4197 4200 4201 4204 4205 4206 4208 4210 4211 4217 4218 4219 4221 4222 4225 4226 4227 4228 4229 4230 4232 4233 4234 4235 4236 4238 4240 4244 4245 4246 4248 4250 4252 4253 4256 4262 4267 4269 4270 4273 4274 4275 4279 4280 4282 4283 4284 4287 4289 4293 4294 4300 4301 4303 4304 4309 4311 4313 4315 4317 4318 4320 4328 4333 4335 4336 4337 4338 4341 4342 4344 4345 4347 4350 4352 4354 4357 4358 4359 4360 4361 4363 4364 4365 4366 4368 4371 4372 4374 4376 4378 4380 4381 4382 4383 4385 4388 4389 4390 4391 4399 4400 4401 4404 4408 4409 4411 4412 4421 4422 4423 4424 4430 4437 4441 4444 4446 4448 4449 4452 4453 4454 4455 4461 4464 4468 4469 4470 4474 4475 4477 4478 4479 4480 4481 4482 4483 4489 4492 4493 4496 4497 4499 4500 4503 4510 4511 4514 4515 4516 4522 4523 4528 4533 4534 4535 4536 4544 4548 4549 4551 4552 4553 4555 4557 4558 4560 4561 4563 4564 4565 4567 4570 4571 4572 4573 4576 4578 4583 4587 4588 4591 4595 4598 4600 4603 4607 4609 4612 4613 4614 4615 4616 4618 4621 4622 4623 4626 4627 4628 4631 4632 4634 4636 4637 4638 4639 4640 4642 4645 4647 4648 4650 4652 4654 4655 4657 4659 4660 4662 4664 4666 4667 4670 4672 4677 4678 4682 4685 4687 4689 4690 4691 4692 4693 4694 4695 4696 4699 4701 4703 4704 4705 4707 4708 4709 4711 4713 4714 4715 4717 4718 4719 4720 4721 4723 4725 4727 4729 4730 4731 4735 4737 4738 4739 4741 4742 4743 4744 4745 4746 4748 4750 4751 4753 4754 4757 4760 4762 4763 4769 4772 4773 4775 4776 4777 4780 4781 4783 4785 4786 4787 4792 4794 4796 4797 4798 4805 4806 4807 4808 4810 4811 4812 4815 4817 4821 4822 4825 4832 4833 4836 4837 4838 4839 4840 4842 4843 4847 4849 4850 4852 4855 4856 4858 4862 4863 4865 4867 4870 4871 4872 4873 4874 4875 4877 4883 4884 4886 4887 4888 4889 4892 4894 4895 4896 4897 4899 4900 4901 4903 4906 4907 4909 4911 4912 4913 4915 4916 4917 4919 4921 4922 4923 4924 4925 4926 4927 4928 4929 4930 4931 4932 4934 4936 4937 4939 4940 4941 4942 4943 4946 4947 4950 4951 4952 4955 4956 4957 4958 4959 4960 4962 4963 4966 4971 4973 4978 4980 4982 4983 4984 4985 4986 4987 4988 4989 4991 4996 5000 5001 5004 5006 5008 5012 5013 5018 5019 5020 5021 5023 5025 5028 5030 5031 5032 5033 5034 5035 5037 5038 5039 5043 5045 5048 5050 5052 5053 5054 5056 5058 5060 5061 5067 5069 5070 5071 5072 5075 5078 5079 5080 5085 5087 5088 5090 5091 5093 5097 5099 5100 5101 5103 5104 5106 5107 5109 5111 5114 5115 5116 5117 5119 5121 5122 5123 5124 5125 5126 5127 5128 5129 5130 5134 5135 5136 5137 5138 5140 5143 5145 5146 5147 5148 5150 5152 5154 5159 5160 5161 5163 5165 5168 5169 5170 5171 5172 5176 5182 5183 5185 5187 5190 5192 5194 5197 5199 5201 5203 5208 5209 5210 5211 5213 5214 5215 5217 5218 5221 5222 5223 5225 5226 5228 5229 5230 5232 5233 5234 5235 5236 5237 5238 5240 5244 5245 5246 5247 5254 5260 5261 5264 5265 5266 5268 5269 5270 5272 5273 5275 5280 5283 5285 5286 5288 5291 5292 5293 5297 5300 5304 5305 5306 5307 5308 5310 5313 5318 5319 5320 5322 5325 5326 5327 5329 5331 5334 5337 5338 5339 5344 5345 5348 5349 5353 5355 5357 5359 5361 5366 5368 5370 5372 5374 5377 5378 5381 5383 5384 5385 5388 5390 5391 5392 5393 5395 5397 5398 5400 5401 5409 5410 5411 5413 5414 5415 5416 5417 5418 5420 5423 5424 5427 5430 5431 5434 5437 5440 5441 5442 5443 5444 5445 5446 5447 5455 5457 5460 5461 5468 5469 5470 5471 5473 5475 5476 5477 5478 5480 5482 5487 5491 5493 5494 5495 5497 5501 5503 5507 5509 5511 5516 5517 5519 5522 5525 5527 5529 5532 5533 5536 5538 5540 5543 5544 5545 5546 5548 5549 5550 5555 5557 5558 5559 5562 5563 5565 5568 5569 5570 5571 5573 5574 5578 5579 5580 5582 5583 5587 5588 5589 5592 5593 5595 5596 5597 5598 5602 5604 5605 5606 5607 5608 5610 5612 5615 5616 5617 5618 5619 5624 5627 5630 5635 5637 5640 5643 5645 5651 5652 5658 5659 5660 5661 5662 5663 5664 5665 5669 5671 5674 5675 5678 5686 5687 5688 5689 5692 5693 5696 5697 5699 5700 5701 5702 5703 5704 5706 5709 5713 5716 5718 5719 5720 5722 5724 5726 5728 5729 5730 5733 5735 5739 5741 5745 5746 5748 5751 5752 5753 5754 5755 5757 5758 5760 5762 5763 5764 5766 5767 5771 5772 5773 5774 5778 5782 5783 5786 5787 5788 5790 5791 5792 5794 5799 5800 5803 5806 5810 5811 5814 5815 5818 5819 5820 5823 5827 5831 5832 5835 5836 5838 5840 5842 5843 5846 5848 5849 5850 5851 5853 5854 5856 5860 5865 5866 5867 5869 5871 5875 5877 5878 5880 5881 5883 5887 5888 5889 5890 5893 5894 5895 5897 5898 5899 5900 5906 5907 5908 5910 5911 5913 5914 5915 5916 5920 5922 5923 5928 5929 5930 5931 5932 5933 5934 5935 5938 5939 5942 5944 5946 5950 5954 5955 5959 5961 5967 5968 5970 5972 5973 5974 5975 5977 5978 5981 5983 5987 5992 5994 5996 5998 6000 6002 6004 6005 6006 6007 6008 6009 6013 6017 6019 6020 6023 6024 6025 6026 6028 6031 6032 6034 6035 6036 6041 6044 6045 6047 6048 6051 6053 6054 6056 6060 6061 6062 6063 6067 6073 6076 6078 6080 6082 6083 6086 6087 6088 6089 6091 6097 6100 6101 6102 6104 6109 6110 6111 6112 6113 6115 6118 6120 6123 6124 6125 6126 6128 6129 6131 6133 6137 6138 6139 6141 6143 6145 6147 6148 6150 6151 6155 6156 6157 6158 6159 6160 6163 6164 6166 6171 6172 6175 6177 6180 6181 6182 6184 6185 6191 6192 6193 6194 6195 6197 6199 6200 6202 6203 6204 6206 6214 6216 6217 6223 6225 6227 6228 6230 6231 6232 6233 6237 6238 6239 6240 6243 6245 6246 6249 6255 6256 6261 6263 6264 6266 6270 6273 6274 6278 6279 6280 6281 6282 6283 6285 6292 6294 6296 6298 6301 6303 6304 6305 6307 6308 6309 6310 6313 6314 6315 6316 6317 6319 6324 6326 6328 6329 6330 6331 6333 6334 6335 6336 6338 6341 6342 6343 6344 6346 6347 6348 6349 6351 6352 6353 6356 6359 6360 6361 6369 6372 6374 6375 6376 6377 6378 6379 6381 6382 6383 6384 6387 6388 6389 6390 6399 6401 6404 6409 6414 6415 6416 6417 6418 6419 6420 6423 6425 6427 6430 6433 6438 6439 6441 6443 6444 6445 6448 6449 6452 6456 6459 6460 6462 6466 6469 6470 6474 6475 6476 6477 6479 6480 6481 6488 6493 6494 6495 6497 6498 6502 6503 6505 6508 6510 6512 6514 6517 6518 6519 6521 6523 6526 6527 6528 6531 6532 6533 6535 6539 6545 6547 6548 6549 6552 6553 6554 6560 6565 6569 6570 6571 6572 6574 6575 6578 6580 6581 6584 6586 6589 6590 6591 6592 6595 6596 6597 6599 6600 6601 6602 6608 6609 6611 6612 6613 6615 6617 6619 6621 6623 6625 6626 6627 6628 6636 6637 6639 6640 6642 6643 6644 6645 6649 6650 6651 6652 6653 6656 6660 6661 6662 6663 6665 6666 6669 6670 6673 6676 6681 6686 6689 6691 6693 6699 6701 6704 6705 6706 6708 6710 6711 6712 6715 6716 6723 6724 6725 6727 6728 6732 6733 6734 6735 6736 6741 6742 6743 6745 6749 6750 6751 6752 6755 6756 6758 6762 6764 6765 6766 6767 6768 6770 6771 6773 6774 6778 6779 6780 6781 6783 6784 6787 6788 6789 6796 6799 6800 6802 6803 6804 6806 6808 6810 6811 6814 6815 6816 6819 6823 6825 6827 6832 6833 6835 6836 6837 6838 6840 6841 6848 6850 6853 6854 6855 6856 6857 6858 6859 6860 6865 6872 6873 6874 6875 6876 6877 6879 6881 6882 6884 6885 6887 6889 6890 6893 6895 6896 6897 6898 6901 6902 6904 6906 6909 6910 6912 6915 6917 6921 6922 6923 6927 6928 6931 6935 6936 6938 6942 6944 6946 6947 6949 6950 6954 6956 6958 6959 6961 6964 6967 6969 6970 6973 6977 6978 6979 6980 6981 6984 6992 6997 6998 6999 7001 7005 7007 7013 7017 7021 7023 7025 7026 7029 7033 7034 7036 7039 7040 7044 7045 7047 7049 7050 7052 7053 7055 7058 7061 7064 7066 7069 7073 7075 7076 7077 7081 7082 7083 7084 7087 7088 7089 7091 7093 7095 7096 7097 7099 7100 7105 7106 7107 7108 7109 7111 7114 7115 7116 7118 7121 7125 7126 7127 7128 7130 7131 7132 7133 7134 7142 7143 7144 7145 7149 7150 7151 7154 7155 7156 7157 7159 7161 7167 7169 7172 7173 7174 7175 7176 7177 7178 7182 7184 7187 7192 7193 7194 7197 7198 7199 7200 7201 7210 7211 7214 7216 7217 7221 7222 7223 7224 7225 7229 7232 7233 7235 7236 7237 7238 7242 7244 7245 7246 7247 7252 7256 7259 7261 7262 7264 7265 7266 7267 7269 7270 7271 7275 7278 7283 7284 7285 7286 7287 7293 7294 7296 7297 7298 7300 7301 7302 7303 7304 7306 7307 7308 7309 7311 7314 7315 7316 7317 7318 7322 7326 7327 7328 7329 7331 7332 7334 7337 7339 7342 7346 7349 7351 7353 7354 7355 7356 7360 7361 7363 7364 7365 7366 7367 7369 7373 7374 7375 7377 7378 7382 7384 7385 7386 7387 7389 7390 7391 7392 7393 7394 7397 7402 7405 7407 7408 7410 7411 7414 7416 7417 7424 7425 7426 7430 7431 7433 7434 7435 7436 7440 7442 7444 7445 7447 7452 7453 7456 7457 7461 7465 7468 7469 7470 7474 7477 7478 7482 7483 7487 7488 7491 7492 7495 7496 7499 7500 7501 7502 7503 7504 7505 7508 7514 7515 7516 7518 7519 7520 7522 7523 7524 7527 7528 7529 7532 7537 7540 7541 7542 7543 7546 7547 7550 7554 7559 7560 7561 7563 7565 7567 7568 7569 7572 7576 7577 7579 7581 7583 7584 7585 7587 7593 7594 7595 7596 7598 7599 7601 7602 7603 7604 7606 7608 7610 7620 7621 7623 7624 7626 7627 7631 7632 7633 7634 7636 7638 7641 7644 7645 7646 7648 7649 7653 7656 7658 7662 7664 7672 7673 7674 7675 7676 7677 7678 7679 7685 7688 7689 7690 7692 7694 7700 7701 7702 7703 7705 7708 7709 7710 7712 7714 7716 7719 7721 7722 7724 7725 7726 7727 7728 7729 7730 7732 7733 7735 7738 7740 7741 7742 7744 7745 7746 7748 7751 7755 7760 7761 7762 7764 7765 7766 7767 7768 7773 7774 7775 7777 7779 7782 7783 7784 7785 7788 7793 7794 7796 7797 7802 7803 7805 7808 7809 7812 7813 7819 7822 7824 7825 7827 7828 7831 7834 7835 7836 7838 7841 7845 7848 7849 7850 7851 7853 7854 7856 7858 7860 7863 7864 7865 7866 7868 7869 7871 7874 7875 7878 7879 7883 7884 7887 7891 7895 7897 7898 7899 7900 7904 7906 7913 7915 7916 7917 7918 7919 7920 7921 7922 7924 7926 7927 7934 7935 7936 7937 7938 7943 7944 7945 7949 7950 7952 7955 7958 7959 7960 7962 7963 7965 7966 7968 7976 7977 7978 7979 7980 7981 7983 7988 7991 7992 7994 7995 7996 7998 7999 8000 8001 8002 8005 8009 8010 8011 8015 8017 8021 8022 8023 8024 8028 8031 8035 8036 8038 8040 8041 8042 8043 8046 8047 8048 8049 8051 8052 8055 8056 8057 8059 8062 8064 8071 8074 8075 8078 8079 8085 8089 8092 8095 8096 8098 8101 8103 8108 8109 8113 8114 8117 8119 8121 8122 8124 8125 8127 8128 8131 8132 8133 8138 8139 8140 8141 8143 8150 8151 8153 8156 8160 8168 8170 8171 8172 8173 8174 8178 8180 8181 8186 8188 8189 8190 8192 8193 8194 8197 8198 8199 8200 8201 8202 8203 8204 8205 8206 8208 8213 8215 8217 8224 8226 8227 8228 8229 8230 8231 8233 8234 8236 8237 8238 8239 8240 8241 8242 8243 8245 8249 8252 8253 8256 8259 8263 8265 8266 8267 8269 8272 8273 8275 8276 8282 8283 8286 8287 8289 8290 8292 8294 8296 8297 8299 8304 8306 8308 8310 8313 8314 8317 8318 8319 8321 8322 8326 8328 8329 8333 8334 8335 8336 8339 8340 8341 8344 8347 8350 8356 8357 8358 8362 8363 8365 8367 8369 8370 8371 8373 8374 8381 8383 8385 8388 8389 8390 8393 8401 8405 8408 8410 8413 8418 8419 8423 8425 8427 8428 8432 8434 8435 8436 8437 8440 8443 8444 8446 8447 8448 8451 8453 8457 8458 8459 8461 8462 8468 8469 8471 8473 8477 8478 8480 8481 8484 8485 8486 8492 8493 8494 8497 8498 8499 8506 8507 8510 8512 8513 8514 8516 8519 8520 8521 8522 8523 8525 8526 8529 8531 8535 8538 8539 8542 8543 8545 8546 8547 8550 8552 8554 8560 8561 8562 8563 8564 8566 8568 8569 8573 8574 8575 8578 8580 8582 8583 8584 8585 8586 8587 8588 8589 8590 8592 8594 8596 8599 8600 8601 8602 8603 8604 8606 8607 8609 8610 8614 8617 8618 8619 8622 8623 8625 8627 8629 8630 8632 8633 8634 8635 8636 8637 8639 8640 8641 8643 8645 8646 8650 8651 8653 8656 8657 8660 8661 8663 8664 8667 8668 8669 8674 8676 8677 8679 8680 8684 8686 8687 8691 8692 8694 8696 8701 8703 8706 8708 8709 8713 8715 8716 8717 8723 8724 8726 8727 8730 8732 8734 8735 8738 8740 8741 8744 8745 8748 8749 8750 8754 8755 8756 8758 8759 8761 8762 8768 8771 8773 8774 8775 8776 8778 8781 8782 8784 8787 8789 8791 8792 8793 8795 8796 8798 8799 8803 8804 8806 8807 8811 8813 8814 8817 8818 8819 8824 8825 8826 8827 8829 8833 8835 8838 8839 8841 8842 8845 8847 8848 8849 8850 8853 8855 8857 8858 8861 8862 8863 8864 8867 8869 8871 8872 8875 8878 8884 8891 8893 8894 8895 8896 8897 8898 8901 8902 8903 8904 8905 8906 8908 8909 8910 8913 8917 8918 8923 8928 8932 8933 8934 8935 8938 8940 8941 8942 8944 8948 8951 8953 8954 8955 8956 8957 8959 8960 8962 8963 8965 8966 8967 8969 8971 8975 8976 8977 8979 8982 8983 8986 8994 8995 8996 8997 8998 8999 9004 9005 9007 9008 9010 9011 9012 9014 9016 9017 9022 9028 9029 9030 9033 9034 9035 9038 9042 9045 9046 9049 9050 9051 9052 9054 9055 9057 9060 9062 9063 9068 9069 9070 9074 9075 9078 9082 9085 9089 9090 9091 9094 9095 9097 9098 9102 9104 9105 9106 9107 9109 9115 9122 9126 9129 9132 9136 9139 9140 9141 9142 9143 9147 9151 9153 9154 9155 9158 9162 9165 9167 9169 9171 9174 9176 9178 9181 9182 9186 9190 9192 9193 9194 9195 9197 9200 9201 9202 9204 9206 9208 9210 9211 9212 9215 9216 9219 9221 9222 9223 9225 9226 9227 9228 9229 9230 9231 9235 9238 9239 9240 9242 9243 9245 9248 9249 9250 9253 9255 9257 9260 9261 9262 9264 9266 9269 9271 9273 9275 9276 9280 9282 9283 9284 9287 9289 9290 9291 9292 9297 9300 9302 9303 9304 9309 9310 9311 9315 9316 9317 9319 9320 9321 9322 9323 9326 9328 9330 9332 9335 9336 9338 9339 9340 9341 9342 9343 9348 9350 9353 9355 9364 9365 9366 9374 9375 9376 9378 9380 9381 9384 9387 9389 9391 9392 9396 9398 9399 9401 9404 9406 9408 9409 9411 9412 9413 9414 9415 9417 9419 9420 9422 9423 9424 9425 9427 9428 9431 9433 9434 9435 9436 9439 9441 9444 9446 9447 9449 9454 9457 9463 9465 9466 9467 9468 9469 9470 9472 9473 9474 9477 9479 9480 9481 9482 9483 9484 9485 9487 9488 9490 9491 9494 9497 9498 9500 9502 9506 9507 9508 9509 9513 9515 9516 9517 9520 9526 9531 9533 9534 9535 9536 9538 9539 9540 9541 9542 9543 9545 9546 9547 9550 9552 9556 9557 9559 9562 9563 9565 9566 9569 9571 9573 9574 9575 9576 9577 9578 9580 9582 9585 9586 9587 9588 9590 9591 9597 9599 9601 9606 9607 9608 9610 9613 9616 9617 9618 9619 9621 9622 9625 9626 9627 9631 9634 9637 9638 9639 9640 9641 9644 9645 9649 9650 9652 9655 9656 9657 9658 9665 9667 9668 9674 9675 9676 9679 9681 9682 9689 9691 9692 9694 9699 9701 9702 9703 9704 9705 9707 9708 9709 9710 9712 9716 9717 9718 9719 9720 9721 9722 9724 9726 9727 9728 9729 9730 9731 9733 9734 9735 9736 9737 9738 9742 9744 9745 9746 9748 9750 9751 9753 9754 9755 9757 9760 9761 9768 9769 9771 9773 9774 9780 9782 9786 9788 9789 9791 9797 9798 9801 9802 9805 9809 9812 9813 9814 9815 9816 9821 9822 9823 9825 9832 9833 9834 9835 9836 9838 9843 9845 9846 9847 9848 9849 9850 9854 9855 9856 9859 9861 9863 9866 9870 9871 9873 9875 9877 9878 9879 9881 9882 9884 9886 9890 9893 9894 9895 9896 9897 9899 9903 9904 9905 9906 9909 9921 9922 9923 9925 9927 9931 9932 9934 9935 9936 9939 9947 9949 9954 9956 9960 9971 9972 9974 9976 9978 9979 9980 9982 9983 9984 9991 9993 9994 9996 9998 9999 10000 

Displaying Final partitionB
2 4 5 6 8 10 13 17 19 20 25 28 29 32 34 42 45 47 48 50 52 55 56 57 59 60 61 63 67 70 71 74 75 76 78 82 83 85 90 91 95 101 102 105 106 107 108 113 114 115 117 121 123 124 127 128 129 130 131 132 134 138 143 145 148 150 152 154 156 157 159 160 161 163 166 167 170 171 176 179 181 183 184 186 191 192 193 195 196 199 200 201 202 204 206 207 208 209 213 216 218 220 222 223 224 226 228 230 231 234 235 237 238 241 243 244 246 247 248 249 250 254 255 258 260 261 262 266 267 268 271 274 278 280 281 284 285 286 289 290 291 292 293 296 297 298 301 302 306 307 308 309 313 314 315 317 318 319 322 324 325 327 329 332 337 339 340 341 343 349 350 352 355 360 361 362 364 365 367 368 371 372 376 377 379 380 381 382 384 386 387 394 395 396 398 399 400 401 403 406 407 409 410 411 413 414 415 417 424 425 426 427 430 432 434 435 436 437 438 439 442 444 446 448 449 450 451 456 457 459 460 461 462 463 466 467 468 472 473 476 479 483 484 485 486 488 489 491 492 499 500 505 507 508 511 512 514 515 517 520 522 523 525 526 528 530 531 532 533 538 542 543 545 546 547 548 551 555 556 557 558 560 563 565 567 568 569 570 572 574 575 576 577 578 583 584 585 586 588 589 590 591 594 595 598 599 600 603 604 605 606 607 610 611 612 615 616 619 620 621 622 624 625 626 629 630 631 633 634 636 639 641 644 647 648 652 653 655 656 659 662 663 665 666 671 672 673 675 681 683 684 685 686 688 691 694 696 697 699 702 703 704 705 707 710 714 715 716 717 718 719 721 725 726 727 728 729 731 732 733 735 741 742 743 744 747 749 751 757 758 761 762 766 770 771 772 773 774 776 777 778 779 780 785 789 791 794 795 796 801 802 803 805 806 807 808 811 812 815 816 817 818 821 825 828 836 837 838 839 843 846 850 851 852 853 857 859 861 862 863 866 867 868 870 871 873 875 876 877 882 884 889 891 894 895 896 900 902 908 909 910 913 914 917 918 920 925 926 928 929 930 938 940 941 948 949 950 951 952 953 955 958 960 961 965 972 973 974 976 978 979 980 981 982 988 992 993 995 996 998 1001 1002 1003 1008 1009 1011 1013 1014 1017 1020 1022 1024 1026 1033 1034 1036 1037 1038 1040 1041 1044 1045 1047 1050 1052 1053 1055 1057 1058 1059 1060 1061 1065 1066 1068 1070 1073 1077 1079 1080 1083 1084 1088 1090 1093 1095 1098 1099 1101 1106 1107 1108 1111 1113 1115 1117 1121 1123 1127 1128 1129 1130 1131 1134 1135 1141 1142 1143 1147 1148 1149 1152 1154 1159 1165 1166 1167 1170 1171 1173 1174 1175 1178 1181 1183 1187 1189 1191 1194 1196 1197 1198 1199 1202 1205 1207 1208 1210 1212 1213 1215 1216 1220 1223 1226 1228 1229 1230 1232 1233 1234 1235 1236 1237 1238 1241 1242 1243 1244 1245 1247 1248 1249 1250 1251 1253 1254 1256 1259 1260 1262 1264 1266 1267 1270 1278 1281 1282 1283 1285 1288 1290 1291 1293 1294 1295 1296 1298 1299 1301 1303 1307 1308 1309 1316 1317 1318 1320 1321 1323 1324 1325 1327 1330 1331 1333 1335 1337 1338 1340 1345 1347 1349 1352 1354 1356 1357 1358 1359 1360 1364 1365 1368 1369 1370 1371 1373 1374 1375 1378 1379 1380 1381 1384 1388 1390 1391 1393 1394 1400 1402 1405 1406 1408 1411 1418 1419 1420 1423 1425 1426 1428 1429 1430 1431 1437 1438 1439 1440 1441 1442 1443 1444 1447 1449 1450 1452 1454 1455 1456 1457 1461 1463 1464 1466 1468 1469 1470 1471 1472 1473 1474 1475 1476 1477 1478 1479 1481 1482 1484 1488 1491 1496 1498 1499 1501 1502 1505 1508 1509 1512 1516 1517 1518 1519 1522 1524 1529 1530 1531 1535 1536 1538 1539 1540 1542 1544 1545 1547 1548 1551 1553 1555 1556 1558 1559 1561 1564 1565 1566 1568 1571 1573 1579 1580 1585 1586 1587 1589 1590 1591 1592 1597 1598 1601 1602 1606 1609 1611 1613 1614 1616 1619 1620 1623 1624 1625 1627 1630 1631 1633 1635 1637 1639 1647 1648 1650 1652 1653 1654 1657 1658 1667 1674 1677 1678 1679 1681 1687 1688 1692 1693 1694 1696 1700 1702 1703 1704 1705 1709 1710 1717 1719 1720 1721 1722 1724 1725 1730 1733 1736 1743 1745 1746 1748 1755 1756 1757 1758 1760 1763 1765 1773 1779 1780 1781 1782 1783 1784 1786 1788 1790 1792 1797 1801 1807 1809 1810 1812 1813 1816 1818 1820 1822 1823 1825 1826 1831 1832 1833 1835 1836 1837 1841 1843 1845 1849 1852 1857 1858 1860 1865 1866 1867 1869 1870 1872 1873 1875 1877 1878 1881 1882 1883 1884 1885 1887 1888 1890 1891 1894 1895 1897 1901 1904 1905 1907 1908 1909 1912 1914 1915 1916 1918 1919 1920 1921 1924 1926 1927 1928 1932 1933 1935 1938 1939 1942 1943 1945 1949 1950 1951 1952 1953 1954 1955 1956 1958 1960 1962 1963 1966 1967 1969 1971 1973 1975 1977 1979 1981 1984 1986 1987 1993 1994 1995 1997 1999 2000 2002 2003 2004 2006 2009 2010 2016 2017 2019 2020 2021 2023 2025 2028 2030 2031 2032 2033 2035 2036 2039 2040 2041 2042 2043 2045 2046 2047 2049 2050 2057 2058 2061 2064 2065 2066 2068 2069 2070 2072 2073 2074 2075 2076 2078 2080 2082 2085 2086 2088 2089 2091 2094 2095 2096 2097 2099 2100 2101 2102 2107 2108 2109 2111 2112 2114 2116 2118 2120 2123 2124 2127 2129 2136 2137 2138 2145 2146 2147 2148 2151 2152 2153 2154 2156 2160 2163 2165 2166 2167 2168 2169 2174 2175 2178 2180 2182 2185 2187 2189 2192 2194 2196 2197 2200 2201 2206 2211 2218 2220 2221 2223 2224 2225 2227 2230 2232 2233 2234 2236 2237 2238 2242 2244 2247 2253 2254 2255 2262 2263 2265 2266 2267 2268 2273 2274 2281 2282 2285 2288 2292 2294 2295 2296 2297 2298 2300 2302 2304 2309 2310 2311 2312 2315 2322 2327 2329 2333 2336 2337 2338 2342 2343 2345 2346 2348 2349 2352 2353 2357 2358 2359 2366 2369 2373 2376 2377 2378 2379 2381 2382 2383 2384 2385 2386 2388 2389 2390 2394 2395 2396 2398 2399 2402 2405 2408 2410 2412 2413 2414 2415 2417 2419 2420 2422 2423 2424 2426 2429 2430 2431 2432 2433 2435 2439 2442 2444 2445 2446 2455 2458 2459 2460 2462 2464 2467 2470 2471 2472 2474 2475 2476 2480 2481 2483 2484 2486 2488 2490 2491 2493 2494 2495 2498 2499 2502 2503 2504 2506 2508 2509 2513 2514 2516 2517 2518 2519 2522 2523 2527 2529 2530 2532 2533 2535 2537 2538 2539 2540 2542 2544 2546 2547 2548 2549 2550 2552 2553 2554 2555 2556 2558 2559 2560 2561 2563 2565 2568 2573 2574 2577 2578 2579 2580 2581 2582 2584 2587 2589 2592 2594 2596 2597 2598 2601 2602 2603 2604 2606 2607 2608 2610 2613 2615 2617 2618 2619 2621 2622 2623 2626 2627 2631 2638 2640 2643 2645 2648 2652 2653 2655 2656 2659 2661 2662 2663 2667 2670 2675 2676 2680 2681 2686 2688 2689 2698 2700 2703 2705 2706 2708 2709 2710 2712 2714 2716 2718 2719 2720 2721 2722 2724 2726 2727 2729 2731 2733 2738 2739 2741 2742 2743 2749 2750 2751 2752 2753 2754 2758 2762 2764 2765 2767 2768 2770 2773 2774 2776 2780 2781 2783 2786 2787 2788 2794 2795 2797 2799 2801 2802 2804 2805 2808 2810 2811 2813 2815 2816 2818 2819 2822 2825 2827 2829 2833 2834 2836 2837 2838 2840 2841 2843 2844 2845 2846 2847 2850 2851 2852 2853 2855 2856 2857 2858 2861 2865 2866 2867 2868 2869 2872 2873 2874 2876 2878 2886 2887 2889 2892 2895 2896 2901 2902 2905 2909 2910 2913 2915 2916 2917 2919 2920 2921 2925 2929 2930 2933 2934 2935 2936 2937 2942 2943 2944 2946 2948 2949 2950 2952 2953 2955 2956 2957 2960 2961 2963 2965 2968 2972 2973 2976 2977 2978 2979 2980 2981 2983 2984 2987 2988 2989 2990 2992 2993 2995 2997 3001 3002 3006 3007 3009 3010 3011 3012 3015 3016 3017 3018 3019 3023 3025 3028 3029 3032 3034 3040 3042 3044 3045 3047 3048 3051 3054 3056 3058 3059 3060 3062 3063 3067 3068 3070 3071 3072 3074 3075 3076 3077 3078 3079 3082 3085 3086 3088 3092 3093 3095 3096 3098 3101 3105 3113 3114 3118 3119 3123 3124 3125 3129 3130 3134 3136 3138 3140 3142 3144 3145 3148 3150 3151 3152 3153 3154 3157 3158 3159 3160 3162 3171 3173 3174 3175 3176 3177 3179 3181 3182 3188 3189 3193 3194 3196 3202 3203 3205 3206 3207 3208 3209 3210 3211 3214 3215 3219 3221 3222 3223 3231 3235 3238 3239 3241 3244 3249 3250 3251 3254 3255 3258 3260 3261 3263 3266 3267 3268 3272 3273 3277 3281 3282 3284 3287 3288 3291 3292 3294 3295 3298 3299 3300 3305 3309 3311 3313 3320 3323 3326 3331 3333 3334 3339 3340 3341 3342 3345 3346 3349 3350 3353 3354 3356 3357 3360 3362 3364 3365 3366 3367 3368 3369 3370 3374 3376 3377 3378 3379 3391 3392 3394 3395 3396 3401 3402 3404 3405 3406 3407 3408 3410 3411 3414 3418 3420 3421 3422 3424 3426 3427 3428 3435 3438 3440 3445 3446 3448 3449 3450 3455 3457 3462 3464 3465 3466 3469 3470 3471 3473 3474 3475 3477 3478 3479 3480 3481 3482 3483 3487 3489 3490 3497 3498 3499 3500 3506 3507 3508 3510 3511 3512 3513 3514 3517 3520 3521 3525 3527 3531 3533 3534 3539 3541 3545 3546 3547 3549 3553 3554 3555 3557 3558 3563 3564 3565 3566 3567 3568 3570 3573 3574 3575 3576 3577 3578 3579 3583 3584 3586 3588 3589 3591 3592 3593 3594 3595 3598 3599 3601 3607 3608 3609 3613 3615 3616 3619 3620 3621 3622 3626 3627 3629 3633 3634 3635 3637 3640 3645 3647 3650 3651 3652 3654 3656 3657 3658 3660 3662 3670 3672 3673 3677 3680 3681 3682 3686 3688 3689 3690 3693 3697 3698 3699 3701 3702 3707 3708 3709 3714 3718 3719 3720 3721 3722 3725 3726 3727 3728 3729 3731 3733 3736 3743 3747 3749 3759 3761 3762 3763 3764 3767 3768 3770 3771 3773 3774 3776 3778 3779 3780 3783 3785 3789 3790 3792 3793 3800 3802 3805 3806 3807 3809 3810 3811 3812 3813 3815 3818 3820 3823 3825 3827 3829 3830 3831 3832 3833 3834 3839 3840 3841 3842 3843 3844 3847 3848 3849 3850 3853 3855 3856 3859 3863 3867 3870 3871 3873 3874 3877 3878 3879 3880 3881 3885 3886 3888 3889 3891 3892 3893 3894 3895 3899 3900 3903 3907 3908 3910 3912 3914 3915 3916 3917 3923 3927 3929 3930 3932 3934 3936 3938 3939 3941 3945 3946 3947 3948 3952 3954 3957 3958 3959 3960 3961 3964 3970 3974 3975 3976 3980 3981 3982 3984 3985 3987 3990 3994 3995 3996 3997 4000 4001 4002 4004 4009 4012 4015 4016 4018 4019 4024 4028 4030 4031 4032 4034 4035 4037 4038 4039 4041 4044 4046 4048 4050 4052 4054 4056 4057 4059 4062 4063 4064 4065 4068 4069 4072 4075 4078 4086 4087 4088 4089 4090 4091 4092 4095 4096 4100 4101 4106 4108 4109 4111 4115 4118 4119 4120 4121 4122 4124 4125 4127 4131 4132 4135 4136 4137 4148 4151 4152 4153 4154 4156 4161 4162 4163 4165 4166 4167 4168 4169 4171 4172 4173 4174 4176 4177 4178 4179 4180 4182 4183 4186 4187 4188 4190 4191 4192 4193 4195 4196 4198 4199 4202 4203 4207 4209 4212 4213 4214 4215 4216 4220 4223 4224 4231 4237 4239 4241 4242 4243 4247 4249 4251 4254 4255 4257 4258 4259 4260 4261 4263 4264 4265 4266 4268 4271 4272 4276 4277 4278 4281 4285 4286 4288 4290 4291 4292 4295 4296 4297 4298 4299 4302 4305 4306 4307 4308 4310 4312 4314 4316 4319 4321 4322 4323 4324 4325 4326 4327 4329 4330 4331 4332 4334 4339 4340 4343 4346 4348 4349 4351 4353 4355 4356 4362 4367 4369 4370 4373 4375 4377 4379 4384 4386 4387 4392 4393 4394 4395 4396 4397 4398 4402 4403 4405 4406 4407 4410 4413 4414 4415 4416 4417 4418 4419 4420 4425 4426 4427 4428 4429 4431 4432 4433 4434 4435 4436 4438 4439 4440 4442 4443 4445 4447 4450 4451 4456 4457 4458 4459 4460 4462 4463 4465 4466 4467 4471 4472 4473 4476 4484 4485 4486 4487 4488 4490 4491 4494 4495 4498 4501 4502 4504 4505 4506 4507 4508 4509 4512 4513 4517 4518 4519 4520 4521 4524 4525 4526 4527 4529 4530 4531 4532 4537 4538 4539 4540 4541 4542 4543 4545 4546 4547 4550 4554 4556 4559 4562 4566 4568 4569 4574 4575 4577 4579 4580 4581 4582 4584 4585 4586 4589 4590 4592 4593 4594 4596 4597 4599 4601 4602 4604 4605 4606 4608 4610 4611 4617 4619 4620 4624 4625 4629 4630 4633 4635 4641 4643 4644 4646 4649 4651 4653 4656 4658 4661 4663 4665 4668 4669 4671 4673 4674 4675 4676 4679 4680 4681 4683 4684 4686 4688 4697 4698 4700 4702 4706 4710 4712 4716 4722 4724 4726 4728 4732 4733 4734 4736 4740 4747 4749 4752 4755 4756 4758 4759 4761 4764 4765 4766 4767 4768 4770 4771 4774 4778 4779 4782 4784 4788 4789 4790 4791 4793 4795 4799 4800 4801 4802 4803 4804 4809 4813 4814 4816 4818 4819 4820 4823 4824 4826 4827 4828 4829 4830 4831 4834 4835 4841 4844 4845 4846 4848 4851 4853 4854 4857 4859 4860 4861 4864 4866 4868 4869 4876 4878 4879 4880 4881 4882 4885 4890 4891 4893 4898 4902 4904 4905 4908 4910 4914 4918 4920 4933 4935 4938 4944 4945 4948 4949 4953 4954 4961 4964 4965 4967 4968 4969 4970 4972 4974 4975 4976 4977 4979 4981 4990 4992 4993 4994 4995 4997 4998 4999 5002 5003 5005 5007 5009 5010 5011 5014 5015 5016 5017 5022 5024 5026 5027 5029 5036 5040 5041 5042 5044 5046 5047 5049 5051 5055 5057 5059 5062 5063 5064 5065 5066 5068 5073 5074 5076 5077 5081 5082 5083 5084 5086 5089 5092 5094 5095 5096 5098 5102 5105 5108 5110 5112 5113 5118 5120 5131 5132 5133 5139 5141 5142 5144 5149 5151 5153 5155 5156 5157 5158 5162 5164 5166 5167 5173 5174 5175 5177 5178 5179 5180 5181 5184 5186 5188 5189 5191 5193 5195 5196 5198 5200 5202 5204 5205 5206 5207 5212 5216 5219 5220 5224 5227 5231 5239 5241 5242 5243 5248 5249 5250 5251 5252 5253 5255 5256 5257 5258 5259 5262 5263 5267 5271 5274 5276 5277 5278 5279 5281 5282 5284 5287 5289 5290 5294 5295 5296 5298 5299 5301 5302 5303 5309 5311 5312 5314 5315 5316 5317 5321 5323 5324 5328 5330 5332 5333 5335 5336 5340 5341 5342 5343 5346 5347 5350 5351 5352 5354 5356 5358 5360 5362 5363 5364 5365 5367 5369 5371 5373 5375 5376 5379 5380 5382 5386 5387 5389 5394 5396 5399 5402 5403 5404 5405 5406 5407 5408 5412 5419 5421 5422 5425 5426 5428 5429 5432 5433 5435 5436 5438 5439 5448 5449 5450 5451 5452 5453 5454 5456 5458 5459 5462 5463 5464 5465 5466 5467 5472 5474 5479 5481 5483 5484 5485 5486 5488 5489 5490 5492 5496 5498 5499 5500 5502 5504 5505 5506 5508 5510 5512 5513 5514 5515 5518 5520 5521 5523 5524 5526 5528 5530 5531 5534 5535 5537 5539 5541 5542 5547 5551 5552 5553 5554 5556 5560 5561 5564 5566 5567 5572 5575 5576 5577 5581 5584 5585 5586 5590 5591 5594 5599 5600 5601 5603 5609 5611 5613 5614 5620 5621 5622 5623 5625 5626 5628 5629 5631 5632 5633 5634 5636 5638 5639 5641 5642 5644 5646 5647 5648 5649 5650 5653 5654 5655 5656 5657 5666 5667 5668 5670 5672 5673 5676 5677 5679 5680 5681 5682 5683 5684 5685 5690 5691 5694 5695 5698 5705 5707 5708 5710 5711 5712 5714 5715 5717 5721 5723 5725 5727 5731 5732 5734 5736 5737 5738 5740 5742 5743 5744 5747 5749 5750 5756 5759 5761 5765 5768 5769 5770 5775 5776 5777 5779 5780 5781 5784 5785 5789 5793 5795 5796 5797 5798 5801 5802 5804 5805 5807 5808 5809 5812 5813 5816 5817 5821 5822 5824 5825 5826 5828 5829 5830 5833 5834 5837 5839 5841 5844 5845 5847 5852 5855 5857 5858 5859 5861 5862 5863 5864 5868 5870 5872 5873 5874 5876 5879 5882 5884 5885 5886 5891 5892 5896 5901 5902 5903 5904 5905 5909 5912 5917 5918 5919 5921 5924 5925 5926 5927 5936 5937 5940 5941 5943 5945 5947 5948 5949 5951 5952 5953 5956 5957 5958 5960 5962 5963 5964 5965 5966 5969 5971 5976 5979 5980 5982 5984 5985 5986 5988 5989 5990 5991 5993 5995 5997 5999 6001 6003 6010 6011 6012 6014 6015 6016 6018 6021 6022 6027 6029 6030 6033 6037 6038 6039 6040 6042 6043 6046 6049 6050 6052 6055 6057 6058 6059 6064 6065 6066 6068 6069 6070 6071 6072 6074 6075 6077 6079 6081 6084 6085 6090 6092 6093 6094 6095 6096 6098 6099 6103 6105 6106 6107 6108 6114 6116 6117 6119 6121 6122 6127 6130 6132 6134 6135 6136 6140 6142 6144 6146 6149 6152 6153 6154 6161 6162 6165 6167 6168 6169 6170 6173 6174 6176 6178 6179 6183 6186 6187 6188 6189 6190 6196 6198 6201 6205 6207 6208 6209 6210 6211 6212 6213 6215 6218 6219 6220 6221 6222 6224 6226 6229 6234 6235 6236 6241 6242 6244 6247 6248 6250 6251 6252 6253 6254 6257 6258 6259 6260 6262 6265 6267 6268 6269 6271 6272 6275 6276 6277 6284 6286 6287 6288 6289 6290 6291 6293 6295 6297 6299 6300 6302 6306 6311 6312 6318 6320 6321 6322 6323 6325 6327 6332 6337 6339 6340 6345 6350 6354 6355 6357 6358 6362 6363 6364 6365 6366 6367 6368 6370 6371 6373 6380 6385 6386 6391 6392 6393 6394 6395 6396 6397 6398 6400 6402 6403 6405 6406 6407 6408 6410 6411 6412 6413 6421 6422 6424 6426 6428 6429 6431 6432 6434 6435 6436 6437 6440 6442 6446 6447 6450 6451 6453 6454 6455 6457 6458 6461 6463 6464 6465 6467 6468 6471 6472 6473 6478 6482 6483 6484 6485 6486 6487 6489 6490 6491 6492 6496 6499 6500 6501 6504 6506 6507 6509 6511 6513 6515 6516 6520 6522 6524 6525 6529 6530 6534 6536 6537 6538 6540 6541 6542 6543 6544 6546 6550 6551 6555 6556 6557 6558 6559 6561 6562 6563 6564 6566 6567 6568 6573 6576 6577 6579 6582 6583 6585 6587 6588 6593 6594 6598 6603 6604 6605 6606 6607 6610 6614 6616 6618 6620 6622 6624 6629 6630 6631 6632 6633 6634 6635 6638 6641 6646 6647 6648 6654 6655 6657 6658 6659 6664 6667 6668 6671 6672 6674 6675 6677 6678 6679 6680 6682 6683 6684 6685 6687 6688 6690 6692 6694 6695 6696 6697 6698 6700 6702 6703 6707 6709 6713 6714 6717 6718 6719 6720 6721 6722 6726 6729 6730 6731 6737 6738 6739 6740 6744 6746 6747 6748 6753 6754 6757 6759 6760 6761 6763 6769 6772 6775 6776 6777 6782 6785 6786 6790 6791 6792 6793 6794 6795 6797 6798 6801 6805 6807 6809 6812 6813 6817 6818 6820 6821 6822 6824 6826 6828 6829 6830 6831 6834 6839 6842 6843 6844 6845 6846 6847 6849 6851 6852 6861 6862 6863 6864 6866 6867 6868 6869 6870 6871 6878 6880 6883 6886 6888 6891 6892 6894 6899 6900 6903 6905 6907 6908 6911 6913 6914 6916 6918 6919 6920 6924 6925 6926 6929 6930 6932 6933 6934 6937 6939 6940 6941 6943 6945 6948 6951 6952 6953 6955 6957 6960 6962 6963 6965 6966 6968 6971 6972 6974 6975 6976 6982 6983 6985 6986 6987 6988 6989 6990 6991 6993 6994 6995 6996 7000 7002 7003 7004 7006 7008 7009 7010 7011 7012 7014 7015 7016 7018 7019 7020 7022 7024 7027 7028 7030 7031 7032 7035 7037 7038 7041 7042 7043 7046 7048 7051 7054 7056 7057 7059 7060 7062 7063 7065 7067 7068 7070 7071 7072 7074 7078 7079 7080 7085 7086 7090 7092 7094 7098 7101 7102 7103 7104 7110 7112 7113 7117 7119 7120 7122 7123 7124 7129 7135 7136 7137 7138 7139 7140 7141 7146 7147 7148 7152 7153 7158 7160 7162 7163 7164 7165 7166 7168 7170 7171 7179 7180 7181 7183 7185 7186 7188 7189 7190 7191 7195 7196 7202 7203 7204 7205 7206 7207 7208 7209 7212 7213 7215 7218 7219 7220 7226 7227 7228 7230 7231 7234 7239 7240 7241 7243 7248 7249 7250 7251 7253 7254 7255 7257 7258 7260 7263 7268 7272 7273 7274 7276 7277 7279 7280 7281 7282 7288 7289 7290 7291 7292 7295 7299 7305 7310 7312 7313 7319 7320 7321 7323 7324 7325 7330 7333 7335 7336 7338 7340 7341 7343 7344 7345 7347 7348 7350 7352 7357 7358 7359 7362 7368 7370 7371 7372 7376 7379 7380 7381 7383 7388 7395 7396 7398 7399 7400 7401 7403 7404 7406 7409 7412 7413 7415 7418 7419 7420 7421 7422 7423 7427 7428 7429 7432 7437 7438 7439 7441 7443 7446 7448 7449 7450 7451 7454 7455 7458 7459 7460 7462 7463 7464 7466 7467 7471 7472 7473 7475 7476 7479 7480 7481 7484 7485 7486 7489 7490 7493 7494 7497 7498 7506 7507 7509 7510 7511 7512 7513 7517 7521 7525 7526 7530 7531 7533 7534 7535 7536 7538 7539 7544 7545 7548 7549 7551 7552 7553 7555 7556 7557 7558 7562 7564 7566 7570 7571 7573 7574 7575 7578 7580 7582 7586 7588 7589 7590 7591 7592 7597 7600 7605 7607 7609 7611 7612 7613 7614 7615 7616 7617 7618 7619 7622 7625 7628 7629 7630 7635 7637 7639 7640 7642 7643 7647 7650 7651 7652 7654 7655 7657 7659 7660 7661 7663 7665 7666 7667 7668 7669 7670 7671 7680 7681 7682 7683 7684 7686 7687 7691 7693 7695 7696 7697 7698 7699 7704 7706 7707 7711 7713 7715 7717 7718 7720 7723 7731 7734 7736 7737 7739 7743 7747 7749 7750 7752 7753 7754 7756 7757 7758 7759 7763 7769 7770 7771 7772 7776 7778 7780 7781 7786 7787 7789 7790 7791 7792 7795 7798 7799 7800 7801 7804 7806 7807 7810 7811 7814 7815 7816 7817 7818 7820 7821 7823 7826 7829 7830 7832 7833 7837 7839 7840 7842 7843 7844 7846 7847 7852 7855 7857 7859 7861 7862 7867 7870 7872 7873 7876 7877 7880 7881 7882 7885 7886 7888 7889 7890 7892 7893 7894 7896 7901 7902 7903 7905 7907 7908 7909 7910 7911 7912 7914 7923 7925 7928 7929 7930 7931 7932 7933 7939 7940 7941 7942 7946 7947 7948 7951 7953 7954 7956 7957 7961 7964 7967 7969 7970 7971 7972 7973 7974 7975 7982 7984 7985 7986 7987 7989 7990 7993 7997 8003 8004 8006 8007 8008 8012 8013 8014 8016 8018 8019 8020 8025 8026 8027 8029 8030 8032 8033 8034 8037 8039 8044 8045 8050 8053 8054 8058 8060 8061 8063 8065 8066 8067 8068 8069 8070 8072 8073 8076 8077 8080 8081 8082 8083 8084 8086 8087 8088 8090 8091 8093 8094 8097 8099 8100 8102 8104 8105 8106 8107 8110 8111 8112 8115 8116 8118 8120 8123 8126 8129 8130 8134 8135 8136 8137 8142 8144 8145 8146 8147 8148 8149 8152 8154 8155 8157 8158 8159 8161 8162 8163 8164 8165 8166 8167 8169 8175 8176 8177 8179 8182 8183 8184 8185 8187 8191 8195 8196 8207 8209 8210 8211 8212 8214 8216 8218 8219 8220 8221 8222 8223 8225 8232 8235 8244 8246 8247 8248 8250 8251 8254 8255 8257 8258 8260 8261 8262 8264 8268 8270 8271 8274 8277 8278 8279 8280 8281 8284 8285 8288 8291 8293 8295 8298 8300 8301 8302 8303 8305 8307 8309 8311 8312 8315 8316 8320 8323 8324 8325 8327 8330 8331 8332 8337 8338 8342 8343 8345 8346 8348 8349 8351 8352 8353 8354 8355 8359 8360 8361 8364 8366 8368 8372 8375 8376 8377 8378 8379 8380 8382 8384 8386 8387 8391 8392 8394 8395 8396 8397 8398 8399 8400 8402 8403 8404 8406 8407 8409 8411 8412 8414 8415 8416 8417 8420 8421 8422 8424 8426 8429 8430 8431 8433 8438 8439 8441 8442 8445 8449 8450 8452 8454 8455 8456 8460 8463 8464 8465 8466 8467 8470 8472 8474 8475 8476 8479 8482 8483 8487 8488 8489 8490 8491 8495 8496 8500 8501 8502 8503 8504 8505 8508 8509 8511 8515 8517 8518 8524 8527 8528 8530 8532 8533 8534 8536 8537 8540 8541 8544 8548 8549 8551 8553 8555 8556 8557 8558 8559 8565 8567 8570 8571 8572 8576 8577 8579 8581 8591 8593 8595 8597 8598 8605 8608 8611 8612 8613 8615 8616 8620 8621 8624 8626 8628 8631 8638 8642 8644 8647 8648 8649 8652 8654 8655 8658 8659 8662 8665 8666 8670 8671 8672 8673 8675 8678 8681 8682 8683 8685 8688 8689 8690 8693 8695 8697 8698 8699 8700 8702 8704 8705 8707 8710 8711 8712 8714 8718 8719 8720 8721 8722 8725 8728 8729 8731 8733 8736 8737 8739 8742 8743 8746 8747 8751 8752 8753 8757 8760 8763 8764 8765 8766 8767 8769 8770 8772 8777 8779 8780 8783 8785 8786 8788 8790 8794 8797 8800 8801 8802 8805 8808 8809 8810 8812 8815 8816 8820 8821 8822 8823 8828 8830 8831 8832 8834 8836 8837 8840 8843 8844 8846 8851 8852 8854 8856 8859 8860 8865 8866 8868 8870 8873 8874 8876 8877 8879 8880 8881 8882 8883 8885 8886 8887 8888 8889 8890 8892 8899 8900 8907 8911 8912 8914 8915 8916 8919 8920 8921 8922 8924 8925 8926 8927 8929 8930 8931 8936 8937 8939 8943 8945 8946 8947 8949 8950 8952 8958 8961 8964 8968 8970 8972 8973 8974 8978 8980 8981 8984 8985 8987 8988 8989 8990 8991 8992 8993 9000 9001 9002 9003 9006 9009 9013 9015 9018 9019 9020 9021 9023 9024 9025 9026 9027 9031 9032 9036 9037 9039 9040 9041 9043 9044 9047 9048 9053 9056 9058 9059 9061 9064 9065 9066 9067 9071 9072 9073 9076 9077 9079 9080 9081 9083 9084 9086 9087 9088 9092 9093 9096 9099 9100 9101 9103 9108 9110 9111 9112 9113 9114 9116 9117 9118 9119 9120 9121 9123 9124 9125 9127 9128 9130 9131 9133 9134 9135 9137 9138 9144 9145 9146 9148 9149 9150 9152 9156 9157 9159 9160 9161 9163 9164 9166 9168 9170 9172 9173 9175 9177 9179 9180 9183 9184 9185 9187 9188 9189 9191 9196 9198 9199 9203 9205 9207 9209 9213 9214 9217 9218 9220 9224 9232 9233 9234 9236 9237 9241 9244 9246 9247 9251 9252 9254 9256 9258 9259 9263 9265 9267 9268 9270 9272 9274 9277 9278 9279 9281 9285 9286 9288 9293 9294 9295 9296 9298 9299 9301 9305 9306 9307 9308 9312 9313 9314 9318 9324 9325 9327 9329 9331 9333 9334 9337 9344 9345 9346 9347 9349 9351 9352 9354 9356 9357 9358 9359 9360 9361 9362 9363 9367 9368 9369 9370 9371 9372 9373 9377 9379 9382 9383 9385 9386 9388 9390 9393 9394 9395 9397 9400 9402 9403 9405 9407 9410 9416 9418 9421 9426 9429 9430 9432 9437 9438 9440 9442 9443 9445 9448 9450 9451 9452 9453 9455 9456 9458 9459 9460 9461 9462 9464 9471 9475 9476 9478 9486 9489 9492 9493 9495 9496 9499 9501 9503 9504 9505 9510 9511 9512 9514 9518 9519 9521 9522 9523 9524 9525 9527 9528 9529 9530 9532 9537 9544 9548 9549 9551 9553 9554 9555 9558 9560 9561 9564 9567 9568 9570 9572 9579 9581 9583 9584 9589 9592 9593 9594 9595 9596 9598 9600 9602 9603 9604 9605 9609 9611 9612 9614 9615 9620 9623 9624 9628 9629 9630 9632 9633 9635 9636 9642 9643 9646 9647 9648 9651 9653 9654 9659 9660 9661 9662 9663 9664 9666 9669 9670 9671 9672 9673 9677 9678 9680 9683 9684 9685 9686 9687 9688 9690 9693 9695 9696 9697 9698 9700 9706 9711 9713 9714 9715 9723 9725 9732 9739 9740 9741 9743 9747 9749 9752 9756 9758 9759 9762 9763 9764 9765 9766 9767 9770 9772 9775 9776 9777 9778 9779 9781 9783 9784 9785 9787 9790 9792 9793 9794 9795 9796 9799 9800 9803 9804 9806 9807 9808 9810 9811 9817 9818 9819 9820 9824 9826 9827 9828 9829 9830 9831 9837 9839 9840 9841 9842 9844 9851 9852 9853 9857 9858 9860 9862 9864 9865 9867 9868 9869 9872 9874 9876 9880 9883 9885 9887 9888 9889 9891 9892 9898 9900 9901 9902 9907 9908 9910 9911 9912 9913 9914 9915 9916 9917 9918 9919 9920 9924 9926 9928 9929 9930 9933 9937 9938 9940 9941 9942 9943 9944 9945 9946 9948 9950 9951 9952 9953 9955 9957 9958 9959 9961 9962 9963 9964 9965 9966 9967 9968 9969 9970 9973 9975 9977 9981 9985 9986 9987 9988 9989 9990 9992 9995 9997 
The time taken to execute is 31
